TE	Dmel_Y	Dmau_Y	Dsim_Y	Dsech_Y
Gypsy-1_Dsim	0.01318	0.03608	0.02668	0.01739
Batumi	0.01483	0.01896	0.01858	0.01056
Max	0.00566	0.01593	0.01423	0.00957
DMCR1A	0.00232	0.01476	0.01182	0.01133
Gypsy12	0.02404	0.01262	0.00073	0.00215
Bel-6_Dya	0.00221	0.00926	0.01297	0.01393
DM412	0.00159	0.00904	0.00440	0.01327
TART-A	0.01411	0.00669	0.00400	0.00343
Mdg1	0.00445	0.00990	0.00350	0.00940
HetA	0.01070	0.00436	0.00406	0.00669
Idefix	0.01165	0.00422	0.00529	0.00453
Gypsy-12_Dsim	0.00119	0.00960	0.00583	0.00853
DM297	0.00124	0.00270	0.01166	0.00671
Gypsy-4_Dsim	0.00204	0.00973	0.00597	0.00261
HetA_Dsi	0.00033	0.00638	0.00624	0.00690
Stalker4	0.00709	0.00558	0.00447	0.00172
FW_DM	0.00503	0.00521	0.00485	0.00371
Copia	0.00580	0.00537	0.00433	0.00289
Baggins1	0.00036	0.00558	0.00569	0.00585
Gypsy-2_Dsim	0.00219	0.00590	0.00404	0.00447
				