mel_Y	mel_other	mau_Y	mau_other	sim_Y	sim_other	sec_Y	sec_other
25508	121578	50773	66546	115305	37176	0	85765
0	182	0	298939	0	238038	19287	296935
0	40575	18911	93328	0	136882	13771	299286
14138	17215	0	31023	9015	27980	17512	17767
17733	14321	10888	19968	3343	25126	0	41460
14692	55651	4220	53402	0	84612	0	69051
5250	89176	5250	79247	0	53408	0	124478
21	3825	7100	73515	0	36466	13191	160422
104	5145	7554	4854	2409	9904	0	5807
0	430	198	278	0	971	36681	1209
38958	122494	0	0	0	182	0	502
0	0	0	35	0	684	13365	604
0	1181	219	3922	12258	733	0	476
38087	114660	0	0	0	286	0	101
103	6581	36403	30565	1521	39105	162	84713
0	0	81445	111365	0	439	25190	124202
0	0	30733	53346	0	185	5511	1919
19350	72180	200164	194617	1927	300153	167090	290238
4729	373	317868	547266	7290	785035	50349	21885
0	4114	30752	5552	3958	330922	8356	8248
69220	605547	1602	11488	52	18727	3459	28889
2395	13350	159	9917	8060	2561	3698	9322
7303	19001	10086	16973	246	24981	4309	20180
0	418	171324	276820	4250	406722	69536	324116
1884	34219	134302	415706	4365	424125	101130	419623
0	83046	20853	23918	21894	27950	1410	61409
19733	18120	61313	216011	15073	436750	4230	558311
17317	35570	323	484	82	79	0	36
1330	23855	21449	28243	1372	74937	2755	35402
2044	721	10484	2358	731	314	2643	43279
0	0	0	0	0	0	58802	637696
29429	95787	78282	86099	15581	11516	2864	47943
3476	18500	7155	10747	198	5510	51454	498434
2553	71891	1743	40293	27886	30880	6648	41438
148135	439603	269074	347005	74557	390422	46103	1008110
1234	11700	2992	12998	514	14115	5755	12432
1292	161235	10326	183921	67347	108297	8068	135020
260931	304160	15626	17541	2659	16490	1246	23452
19826	29250	8120	125800	28853	36743	63626	109682
42266	64494	30685	43002	20699	64039	6102	110378
174	209	8911	1196	151	0	24479	142550
18175	25973	6941	9196	274	2942	23386	13114
0	219882	38832	248064	4585	184029	3936	192393
23669	48476	12394	6611	982	5947	1542	15844
1239	44693	3513	3591	4878	5833	589	6949
0	0	327	0	0	0	22596	111212
498	14494	2242	41957	5130	43954	28660	56571
9081	3364	10571	19853	9020	8212	2051	22066
18615	43743	9113	11000	2266	24041	7511	13771
0	6997	52232	28849	18065	19443	5637	36176
17188	92329	47689	20300	17048	32011	9191	59177
21501	61160	3033	28087	13032	26406	20506	25031
0	10569	37028	5605	9880	29993	9874	40952
0	4397	1714	16170	10553	16144	1921	14268
0	234	39404	15983	4795	14530	3243	16852
168788	131644	119901	184939	40252	228015	212891	111446
11662	7386	7035	4942	1337	4418	1375	8692
3799	14304	2771	13481	2542	983	5450	7130
1858	26624	65623	66464	6363	47762	29510	79629
44752	201057	24036	309668	6224	251247	5644	285598
5950	43845	17990	37789	41598	36006	8397	52640
8469	76919	54521	55341	6707	45451	39736	127303
191657	1259431	8982	297341	26940	416944	23252	183715
961657	198800	504768	217152	29276	119676	86055	251581
0	10500	36175	15831	13665	15797	2097	9000
16728	89474	10025	20195	3784	23691	22384	23338
142374	136692	86661	52789	16658	75623	52886	135447
0	1736	62116	120034	0	0	0	0
115711	122720	5785	18583	32752	20178	6839	28307
4031	16913	12812	6413	64614	3776	4020	9982
0	130754	18347	90885	11632	107816	44294	90926
1313	8317	17039	3413	12242	8864	2374	6853
36808	102101	55723	34118	34780	37617	9946	40411
126	6560	1379	7877	6642	7705	3678	6951
0	0	53212	94193	0	0	135	200
13092	59215	10060	25176	6317	40687	7881	74174
2484	23856	5080	7995	1820	9356	1353	8486
64291	70429	66182	39159	14121	38783	246333	92973
5467	5081	41118	23746	21580	2928	23262	52176
1328	6188	11730	1798	15027	1589	8827	16249
5209	14301	2954	18521	2005	6318	6481	9764
104535	187284	220104	126275	57401	104864	51837	182466
825	30118	9074	12245	1591	8721	2417	9693
22087	45446	346	5684	558	5050	1776	9083
1294	388	7777	897	665	709	1229	2525
1860	22828	8649	15033	4387	15672	2330	15173
61061	166405	17297	36227	55643	26282	16731	47300
4198	19783	87459	12559	8286	16625	55699	73209
3103	11056	4331	3996	968	4030	1817	3187
55699	82954	48156	65950	12507	29536	177863	53688
106987	92214	211752	58593	155420	74120	64347	133845
0	1632	13999	54024	7266	81452	4986	40090
40137	38442	19173	26701	3423	15304	19973	30678
14741	25983	11413	33155	23079	22546	3075	10777
10062	105609	19779	98214	39586	61273	45253	152619
2579	92972	5266	56448	1878	49339	4793	69912
17794	137181	121019	173987	75883	180738	42438	198978
0	15437	2927	8505	4238	3880	5243	4488
197096	630538	1859	328	294	173	2621	4422
0	46313	5163	3372	3218	1713	9974	22665
49522	156617	2952	6380	1440	6888	9395	14991
875	4561	3118	7564	1561	6733	4835	6582
201024	673157	208556	257926	194186	162983	148539	446494
19605	47060	22569	55802	40872	33503	31515	88371
47904	132777	443	1014	1731	1468	1505	781
120952	92574	26439	50994	61003	30294	19628	39653
1674	18666	27667	44537	10472	49872	28494	86547
768	12619	5359	12951	2550	11598	6739	10746
3914	98130	170197	125945	208693	110293	209261	434907
4052	1369	30961	23446	26891	2114	6935	8592
0	108173	17107	51501	9714	45298	29928	51334
8666	81523	848	10493	577	12967	947	10501
18188	12473	2901	9768	3187	6712	3269	3782
0	136	2039	1971	2770	2350	77956	3756
283536	599962	223105	149831	178601	74887	68601	120244
2560	50782	201486	129082	111194	164320	104259	232902
4314	25929	3634	9325	5703	6282	7522	7075
4838	137928	14095	41139	13183	20736	21241	83521
427997	152164	174510	11389	162553	127075	267558	259125
18473	74202	22616	60779	37094	167228	66931	125458
0	64	11029	11057	7265	6305	9128	21937
68812	119785	31630	88394	35092	79662	20274	103929
6681	22619	4422	23937	3040	22173	8644	28956
13219	5909	255366	8179	249688	228904	275850	174813
243215	103824	102592	1253	94058	50425	110632	100062
8263	12394	24266	10452	44640	20865	5790	8773
299	5309	6723	6617	2195	4264	2376	6463
108333	194644	186787	107823	110046	40373	108570	158543
49783	489354	107837	145743	466368	160837	268389	314669
10842	234638	121452	113795	76481	116483	64526	162213
4899	96118	11931	86690	16667	61641	16421	104489
9960	20298	108355	81915	63139	40976	46076	84694
81670	157848	389272	138662	238649	129435	104585	142555
14920	150861	37965	39343	42766	53422	64152	160826
6452	14864	2468	7412	4381	6777	4176	13870
4091	157882	4445	183680	3577	164505	5022	134072
19400	209324	36077	40448	74206	201199	63415	116813
3247	112949	205957	257240	70134	185669	124705	329599
0	0	46827	661489	41270	1033861	50197	888386
63746	233302	361401	149944	176108	240580	530835	295552
673	2124	43271	7165	2453	0	4013	2807
286241	368147	40736	13672	21724	25924	40393	16622
3873	55746	4505	43977	7722	44694	7677	44489
24178	54537	170052	109054	200211	61073	209100	251872
14930	64283	17366	81087	16632	42521	27705	75940
14480	63869	42003	118759	46998	74852	37910	120279
66654	128169	81937	126506	159230	173623	34398	84469
16417	412338	18836	423162	21483	399670	32811	435250
4403	29749	4901	7399	7371	8105	4939	11979
61502	73401	85304	55524	116710	143386	96137	163067
306083	295111	63675	42637	49357	66142	38795	65463
1666	88220	43797	18363	49952	17304	36727	40436
29759	133116	68123	66455	25212	54775	37004	63292
1028	466	18361	14470	4528	3364	27756	4951
3951	20971	6543	25375	10351	28497	13560	27993
1601	224520	100655	36525	45888	41574	115395	130170
188287	269199	26233	49828	96924	82941	156343	171605
0	7516	4632	3641	2785	4563	3575	5957
16715	93598	13600	24149	35496	28974	50089	48670
36608	93028	125760	64768	109361	83037	228180	308637
7155	128376	8301	128525	10665	119682	12886	126503
5558	18858	4758	8237	10127	9136	15529	13270
32062	147195	39175	34955	15933	29109	30709	49508
593036	334750	758444	282056	743069	470794	422492	459256
57731	179483	25050	34651	12166	28339	25903	33425
13210	29210	35232	55658	21870	58426	50602	79886
0	835	6008	3487	4890	5556	3882	5124
226489	225325	637341	243066	569324	399703	382756	408407
198021	518501	14450	111633	9393	96027	9705	116380
0	4378	7751	6006	8178	8926	5795	9500
3147	20237	89504	123499	87713	220525	84958	169952
454	9060	151324	112767	154122	208632	103983	158312
4242	8512	36745	6999	10579	5420	80835	2928
3158	8401	11195	4306	5434	4809	14056	4615
0	47269	7174	10267	14072	16299	26023	18454
0	4426	40179	15445	30477	10020	4031	40
41785	24864	0	2790	0	2047	0	2707
33345	183086	192081	243211	135523	170395	106486	215651
113377	143601	107899	69499	157264	40382	194673	137541
564448	128891	267507	8776	160014	49401	137101	54863
124816	112730	114983	110480	181572	95468	174416	86973
2792	17502	5912	12031	8215	11354	12612	17503
73184	50770	31056	23257	70914	36477	33414	32859
365002	212780	90803	114405	61271	119177	100953	153273
35187	82131	56061	92507	55191	81764	71983	75668
2031	1402	9154	10375	8046	5855	11125	7449
10094	36719	29227	39940	37349	70913	59342	119480
7383	20582	12834	33006	12243	29145	18501	33707
110103	31527	22905	27924	13615	19273	22332	40768
60479	108207	65449	62847	23610	26190	85518	127330
9925	36774	59260	47490	91385	113507	76568	92548
3415	19795	52261	33674	22532	24151	52500	38875
92758	866425	590392	779056	472676	790262	453234	879489
466098	315289	168697	27799	211568	27473	181268	73964
4045	14482	42758	26241	64088	17676	43850	19074
527348	511065	1443186	439208	1067306	257114	695699	383208
0	0	4094	0	6901	636	4020	985
231907	238936	214988	65970	173287	44497	115526	61724
7509	8235	5164	20375	2157	6878	5595	17189
153781	75311	122023	35466	161440	50684	215453	120423
44821	541937	38278	494641	46093	488925	49569	530094
187971	373270	120257	179712	97974	169238	243685	299149
21951	121784	0	6979	0	6934	0	8260
87624	39838	235827	75644	161549	40907	178710	89227
35506	73582	103262	42461	65916	41245	242868	160381
47632	64851	383987	97424	233170	43872	341217	134766
2417	8337	7340	9153	6816	8883	11031	10811
178122	293504	396013	99581	139943	62765	375924	117572
14338	334981	223278	359933	227630	315561	234006	400703
223	9723	59426	20036	34057	16104	68643	35404
21476	20592	17972	7657	13766	4286	35877	9075
18744	29582	78799	70825	42070	37517	63876	68929
743	24910	12067	26031	11385	21507	13564	27277
2180	7434	128273	92831	125653	108953	150874	115733
2644	69	4572	0	988	62	11024	62
116	6181	155745	85006	132768	63869	108657	51874
88267	98880	370383	219636	518745	288806	557281	355359
54577	4131	164681	44534	48474	10539	111842	24810
30682	61081	72266	51126	143564	96072	126141	91038
0	69	0	0	0	0	13640	79
96036	308186	0	0	0	0	0	0
23844	61221	0	0	0	0	0	0
0	2182	0	108631	0	86216	0	0
0	0	0	0	2055	0	0	9557
0	44154	4405	11465	0	21132	0	21314
0	104023	6126	199113	0	126414	0	165599
0	0	0	1567	0	0	0	6034
0	4883	0	25312	0	18976	3697	26706
0	293	0	2428	0	0	0	2334
0	3208	0	0	0	0	0	2271
0	100301	4295	44569	1345	103660	0	55554
0	955	0	3037	2185	5385	0	14366
0	6535	0	5452	0	4650	3747	5604
0	0	0	2775	1013	1013	0	0
0	512	0	12904	0	7998	1125	4700
0	4967	3007	750	0	2968	0	1658
0	137	0	0	0	2738	0	1093
0	0	0	1428	0	2092	0	0
2236	34061	2587	9522	0	7942	2067	8453
3359	55514	1728	10415	3945	8640	0	6832
0	0	0	1425	0	0	0	1449
0	9841	0	3424	2518	4224	0	3898
0	633	0	1383	0	0	0	1251
0	35867	1091	15774	0	21310	0	18217
0	0	0	998	0	1497	0	0
0	1969	64	0	0	1251	0	1196
996	39732	1840	25573	383	19492	0	29540
0	0	0	0	0	0	0	1034
0	1280	0	3129	920	750	0	940
0	9525	512	9638	0	7721	1929	6287
0	1260	0	3150	152	1275	3504	2290
0	810	3137	0	0	0	0	933
0	289	0	0	0	927	0	0
1163	338	324	28	0	928	907	28
0	0	0	0	0	1250	0	527
0	2559	0	0	0	932	0	655
0	0	0	781	0	0	0	0
0	0	0	0	0	0	0	746
221	42	0	2534	819	2059	0	2648
144	16426	805	11972	0	11391	800	12415
0	5343	735	4579	555	6109	0	6448
0	1185	0	0	0	676	0	0
6924	5489	433	5742	0	9116	0	9318
67	54276	1067	53814	0	55876	297	52873
377	12969	693	9081	703	8070	0	8418
292	117860	0	671889	0	1349252	373	582940
0	1194	0	1474	204	392	1067	1029
0	5350	562	3359	0	4193	0	4455
0	1378	0	4155	0	1747	723	2769
0	0	0	0	0	0	0	579
0	10423	624	3803	0	3495	0	4724
0	71	0	599	0	535	0	0
0	0	0	2860	876	2289	626	4190
136	15622	985	6104	0	3599	0	4492
1314	21204	1224	9922	0	1993	0	9667
0	0	0	679	0	439	0	0
0	148320	556	158058	0	159345	0	152737
2553	2067	0	0	0	543	0	0
0	1210	0	47	0	1404	0	0
0	109	0	0	0	321	0	788
0	506	0	318	0	782	0	0
0	152	0	0	0	0	0	499
0	209	0	501	0	491	0	0
0	0	0	0	0	241	0	841
0	43	0	291	516	0	0	711
0	69	0	0	0	476	0	0
0	0	0	791	0	234	0	0
0	0	0	0	0	0	0	471
0	6464	0	7111	0	6029	401	5322
0	1059	586	2688	0	2099	1631	4591
1861	57801	562	1619	0	2239	0	1373
0	89	0	0	0	455	0	0
30	0	58	142	0	765	0	0
0	379	0	0	0	452	0	0
0	1833	0	722	296	359	0	1322
0	126	158	299	0	706	0	0
0	666	282	287	0	913	0	872
0	650	0	439	0	0	0	0
0	25831	537	20281	0	18922	0	14746
0	0	0	2841282	0	3940382	606	4724329
0	75128	0	30224	0	26056	238	15715
0	0	0	418	0	0	0	0
0	2998	0	2104	0	2453	592	2642
567	1731	426	2392	0	2223	0	3265
0	457	0	1423	0	2225	432	1473
0	838	0	518	0	296	0	0
0	331	0	629	0	0	0	200
0	56	0	0	0	413	0	353
0	0	0	437	0	325	0	0
0	302	0	376	0	0	0	0
0	0	0	0	0	369	0	0
0	0	0	358	0	0	0	0
411	667	0	673	407	812	1390	502
0	12693	0	106	0	0	0	705
0	0	0	198	0	511	0	0
0	92660	332	91185	0	123908	0	64453
704	425	0	430	226	100	0	530
0	0	0	0	0	323	0	0
0	0	0	318	0	319	0	0
0	5186	427	2136	0	4256	0	382
0	37	0	0	0	0	0	313
0	0	0	0	0	0	0	311
0	280	0	114	0	0	0	581
0	0	0	0	0	307	0	0
575	10718	750	11966	0	11328	76	12623
0	0	0	302	0	0	0	0
0	0	0	0	0	0	0	300
0	185	0	0	0	294	0	0
0	298	1163	637	0	426	1157	435
0	1134	260	666	0	740	0	1379
0	15180	0	2505	0	2421	758	5749
0	0	0	569	118	0	0	85
0	719	0	425	0	156	0	0
0	0	0	0	0	272	0	0
0	2503	587	2547	236	2902	0	2097
0	14971	140	8311	420	8950	0	8952
196	0	0	55	0	0	0	566
2341	177	0	317	850	244	0	342
0	1040	2810	2170	465	880	0	557
0	0	0	0	0	0	0	249
0	4946	1978	66	759	140	0	267
0	167	574	1781	0	425	519	0
0	96	0	0	0	239	0	0
0	0	240	0	0	0	0	237
0	1104	0	0	0	357	0	139
0	13702	0	275	0	284	1044	188
0	0	0	13779	0	30945	0	90
0	50	0	0	0	100	0	419
0	5672	395	4900	416	966	0	1350
0	176	0	0	0	36	0	524
0	7016	0	5270	291	5022	163	4747
0	1878	0	0	0	141	0	326
0	62	0	225	0	225	0	0
0	1552	0	1194	357	1765	0	1399
0	484	0	148	0	470	696	233
0	8754	0	2606	0	3456	288	3718
0	65	0	357	0	0	0	96
0	0	0	60	0	0	0	418
0	463	1550	1201	0	457	1549	2773
0	659	596	302	0	289	1085	320
0	571	0	175	0	237	0	0
0	3070	0	4669	0	4534	124	2716
0	0	0	0	0	202	0	194
0	3130	118	3103	0	2617	353	2459
0	59	0	0	0	138	0	257
0	3793	0	2920	0	5539	104	2136
0	0	0	0	0	0	0	190
0	164	0	0	0	189	0	0
0	106	0	0	0	345	0	72
0	2554	487	3927	0	3659	48	4548
0	0	0	0	0	186	0	0
0	0	0	113	0	0	0	260
0	227	0	0	0	179	0	179
0	86	0	0	0	178	0	0
0	0	0	162	0	189	0	0
0	141	0	174	0	0	0	0
0	43	0	211	0	0	0	140
0	330	0	118	0	236	0	0
57	55	0	643	0	414	298	608
0	43	0	0	0	0	0	170
0	0	45	98	0	0	0	270
0	2617	148	1532	0	2030	0	1774
0	0	0	167	0	0	0	0
0	705	0	167	0	0	0	0
0	98	0	0	0	269	0	84
0	0	0	0	0	0	0	166
0	0	0	282	0	74	0	0
0	0	289	511	0	378	0	530
0	151429	175	89088	0	97170	0	69346
0	0	0	162	0	0	0	0
0	67	133	56	0	239	441	239
0	187	0	172	0	0	0	146
0	0	0	0	0	80	0	248
0	136	0	0	0	0	0	155
0	0	0	29	0	328	0	0
0	105	0	0	0	154	0	0
0	0	0	0	0	0	0	151
0	50	0	0	0	0	0	151
0	0	0	0	0	145	0	0
0	36	0	0	0	181	0	109
0	507	284	1605	0	738	0	1167
0	0	765	290	0	385	6315	62113
38	0	0	0	0	98	0	182
0	40	0	0	0	137	0	0
0	257	0	65	0	460	90	65
0	354	0	382	306	404	0	252
175	160	0	0	0	0	0	133
0	48	0	0	0	133	0	0
0	558142	0	249327	0	123913	155	213465
0	0	0	132	0	0	0	0
0	2050	509	778	81	81	0	294
0	0	0	0	0	0	0	131
0	106	0	119	0	0	0	140
0	223	0	0	0	172	0	89
0	50	1921	0	0	126	130	0
50	182	0	210	0	58	0	0
0	1343	223	3591	0	3247	0	1240
0	134	0	125	0	0	0	0
0	0	448	87	0	176	0	123
0	0	0	124	0	0	0	0
0	0	0	163	0	89	0	0
105	11790	122	11806	0	12268	0	11621
0	72	0	122	0	0	0	0
0	0	0	0	0	121	0	0
0	0	0	121	0	0	0	0
0	9751	0	8019	123	8606	0	8940
0	977	68	867	0	1325	0	1962
0	393	3584	0	0	134	167	49
0	3576	0	1016	0	773	203	1337
0	1215	0	0	0	0	0	117
0	1234	356	1528	0	297	0	1009
0	91	0	116	0	0	0	0
0	680	0	0	0	0	0	116
0	0	0	0	0	140	0	87
0	0	0	110	0	0	0	0
0	452	0	0	0	110	0	0
0	0	0	0	0	0	0	110
0	0	0	0	0	107	0	0
0	1415	0	0	0	106	0	0
0	53	0	106	0	0	0	0
0	0	0	106	0	0	0	0
0	604	0	700	0	694	198	1109
0	151	0	157	305	150	0	157
0	0	0	0	0	0	0	105
88	193	529	26	0	112	0	108
0	0	0	184	0	0	0	41
0	5589	0	3934	0	51	0	7199
0	111	0	0	0	0	0	104
0	7777	0	10354	0	8619	116	10518
0	0	0	102	0	0	0	0
3234	54985	125	12698	0	15747	58	15758
0	0	0	102	0	101	0	0
0	97	0	100	0	0	0	0
0	0	0	0	0	0	0	99
0	0	0	209	182	209	0	216
0	0	0	0	0	98	0	0
0	610	0	0	0	67	0	132
0	0	0	97	0	0	0	0
0	0	0	0	0	97	0	0
0	8672	0	139	0	59	0	0
48	64	0	130	0	64	0	0
0	50	0	50	0	0	0	148
0	1322	0	146	0	0	0	51
0	0	0	40	0	161	0	0
0	53	0	0	0	69	0	122
0	0	0	0	0	94	0	0
0	166	0	66	0	124	0	0
0	92	0	0	0	92	0	0
129	106	0	64	155	0	0	121
0	68	0	91	0	0	0	91
0	93	0	0	0	91	0	91
0	132	351	950	0	492	0	204
0	0	0	131	0	0	0	55
0	69	0	90	0	0	0	0
0	0	0	0	0	0	0	89
0	0	0	0	0	89	0	89
0	0	0	0	0	89	0	0
0	0	0	89	0	0	0	0
0	0	0	0	0	74	0	104
0	5474	0	49	0	0	0	131
0	49	74	44	0	120	0	155
0	0	0	0	0	0	0	86
0	0	0	0	0	0	0	86
0	0	0	96	0	74	0	0
0	174	0	0	0	84	0	84
0	196	530	0	1378	139672	2346	1159
0	37	0	0	0	0	0	83
0	0	0	0	0	83	0	83
0	0	0	73	0	93	0	0
0	0	0	0	0	81	0	0
0	0	0	0	0	0	0	81
0	0	0	0	0	79	0	0
199	2632	76	3708	0	3661	0	4158
0	52	0	53	0	106	0	0
0	94	0	74	0	0	0	82
0	13031	87	14320	87	14475	0	12912
0	0	0	0	0	0	0	77
0	78	0	0	0	0	0	77
0	0	0	0	0	0	0	77
0	54	0	0	0	88	0	66
0	993	732	85	0	85	0	85
0	0	0	76	0	0	0	0
0	0	0	76	0	0	0	0
0	56	0	0	0	0	0	76
0	2914	0	2151	85	2009	0	1602
0	53	0	0	0	107	0	48
0	66	0	0	0	75	0	0
0	0	0	0	0	75	0	0
0	0	0	0	0	77	0	73
408	1665	0	1444	122	2458	75	1265
0	0	0	0	0	95	0	55
0	0	0	60	0	0	0	87
0	87767	0	73	0	0	0	0
0	241	0	0	0	73	0	0
0	169	0	62	0	0	0	84
0	0	0	49	0	0	0	99
0	249	0	37	0	0	0	114
0	0	0	72	0	0	0	0
0	0	0	101	0	46	0	0
0	0	0	0	0	70	0	71
0	60	0	0	0	55	0	87
0	0	0	70	0	0	0	0
55	0	0	0	0	70	0	0
0	0	0	70	0	0	0	0
0	0	0	87	0	0	0	52
0	51	0	54	0	0	0	83
0	0	0	68	0	0	0	68
0	0	0	0	0	68	0	0
0	0	0	0	0	0	0	68
0	67	0	0	0	0	0	68
0	0	0	0	0	79	0	57
0	0	0	44	0	0	0	94
0	1969	99	2884	0	1346	166	2213
0	0	1514	0	2604	174983	1240	0
0	47	0	67	0	0	0	0
0	0	0	66	0	0	0	0
0	91	0	66	0	0	0	0
0	0	0	66	0	0	0	0
0	44	0	66	0	0	0	0
0	0	0	0	0	0	0	66
0	0	0	0	0	0	0	66
0	0	0	0	0	66	0	0
0	0	0	0	0	52	0	80
0	58	0	0	0	63	0	68
0	145	0	225	0	84	102	132
0	0	0	0	0	0	0	65
0	0	0	65	0	65	0	0
0	5778	101	6738	0	5838	0	3117
0	0	0	45	0	0	0	85
0	45	0	0	0	85	0	45
0	104	0	0	0	0	0	64
0	0	0	64	0	0	0	64
0	0	0	0	0	63	0	0
0	98	0	63	0	0	0	0
0	0	0	60	0	66	0	0
0	62	0	0	0	62	0	62
0	0	0	62	0	0	0	0
0	0	0	0	0	0	0	62
0	0	0	0	0	0	0	62
0	0	0	62	0	0	0	0
0	0	0	0	0	62	0	0
0	0	0	0	0	0	0	61
0	0	0	61	0	0	0	0
0	0	0	63	0	59	0	0
0	0	0	0	0	61	0	60
0	51	0	60	0	0	0	0
0	0	0	0	0	0	0	60
0	0	0	0	0	60	0	0
0	0	0	60	0	0	0	0
0	0	0	0	0	60	0	60
0	52	0	59	0	0	0	0
0	0	0	0	0	59	0	0
0	53	0	59	0	0	0	0
0	0	0	0	0	59	0	0
0	110	0	46	0	71	0	0
0	0	0	58	0	0	0	58
1826	0	0	58	1606	0	0	0
0	223	0	0	0	58	0	0
0	0	245	0	0	0	0	58
0	0	0	0	0	58	0	0
0	85	0	0	0	58	0	0
0	0	0	58	0	58	0	0
0	0	0	74	0	0	0	42
0	70	0	0	0	57	0	57
0	57	0	57	0	0	0	0
0	146	0	0	0	57	0	0
0	0	0	0	0	0	0	57
0	0	0	0	0	57	0	0
0	0	0	0	0	0	0	57
0	0	0	0	0	57	0	57
0	55	0	56	0	0	0	0
0	197	0	0	0	0	0	56
0	0	0	0	0	0	0	56
0	0	0	58	0	54	0	0
0	178	32	265	64	682	0	573
928	2660	0	0	0	103	351	3982
0	0	0	55	0	0	0	55
0	2612	1780	0	0	0	0	55
0	0	0	55	0	55	0	0
0	0	0	0	0	0	0	55
0	0	0	0	0	0	0	55
34	10025	50	8887	51	6588	0	8289
0	5149	0	318	49	991	509	1095
0	0	0	48	0	61	0	0
0	59	0	54	0	0	0	0
0	0	0	54	0	0	0	0
0	0	0	0	0	0	0	54
0	0	0	0	0	0	0	53
0	62	0	0	0	53	0	0
0	0	0	0	0	0	0	53
0	0	0	0	0	0	0	53
0	97	39	40	0	71	39	0
0	21509	0	15715	41	16743	0	27239
0	0	0	0	0	52	0	0
0	78	0	0	0	52	0	0
0	52	0	0	0	52	0	52
0	0	0	66	0	38	0	0
0	43	0	0	0	0	0	51
0	0	0	0	0	0	0	51
0	0	0	0	0	0	0	51
0	0	0	0	0	0	0	51
0	0	0	0	0	0	0	51
0	77	0	0	0	55	0	47
0	0	0	50	0	0	0	50
0	38	0	0	0	0	0	49
0	0	0	49	0	49	0	0
0	102	0	48	0	0	0	0
0	48	0	48	0	48	0	0
0	0	0	0	0	48	0	0
0	0	0	0	0	0	0	48
0	228	72	1271	0	116	0	1585
0	83	0	0	0	47	0	47
0	0	0	0	0	0	0	47
0	90	0	0	0	47	0	0
0	66	0	0	0	0	0	47
0	73	0	42	0	0	0	52
0	217	0	44	0	0	0	49
0	0	0	0	0	46	0	0
0	0	0	46	0	46	0	0
0	54	0	0	0	0	0	46
0	46	0	0	0	46	0	46
141	0	0	96	770	77558	385	433
0	34	0	68	0	34	329	34
0	0	0	0	0	0	0	45
0	170	0	0	0	45	0	0
0	0	0	45	0	0	0	0
212	258	0	42	0	0	0	48
0	54	0	45	0	44	0	0
0	0	0	44	0	0	0	0
0	0	0	0	0	0	0	44
0	0	0	0	0	44	0	0
0	0	0	44	0	0	0	0
0	47	0	41	0	46	0	0
0	0	0	32	0	55	0	0
0	134	0	0	0	0	0	43
0	108	0	0	0	43	0	0
0	0	0	43	0	0	0	0
0	0	0	0	0	0	0	42
0	0	0	0	0	0	0	42
0	0	0	42	0	0	0	0
0	0	0	0	0	0	0	41
0	0	0	40	0	0	0	40
0	1496	0	775	0	715	64	1131
0	185	169	77	0	0	0	47
0	0	0	51	0	0	0	28
0	0	0	39	0	39	0	0
0	0	0	39	0	0	0	0
0	283	0	42	401	40	5468	302
0	550	0	38	0	0	0	0
0	0	0	38	0	0	0	38
0	0	0	37	0	37	0	0
0	0	0	0	0	36	0	0
0	0	0	0	0	0	0	35
0	0	0	0	0	0	0	35
0	0	0	0	0	35	40	0
0	0	0	0	0	35	0	0
0	0	0	0	0	0	0	32
0	206	0	0	0	0	0	32
120	102	0	0	0	31	0	0
0	0	0	0	0	42	1055	1102
0	104	88	42	0	42	88	4150
859	37627	0	30	0	0	0	29
0	82	0	0	109	49	0	34
0	401	465	0	722	0	0	28
0	31	0	31	167	31	0	31
0	769	0	0	0	0	0	26
0	13175	234	7213	75	7827	5253	9150
31	89	31	70	0	75	39	102
0	926	0	86	0	86	0	1956
0	179	0	40	0	40	0	877
0	115	0	1174	0	57	0	57
0	164	2932	1181	19	680	555	996
0	63	0	953	0	62	0	1155
0	299	0	35	0	890	0	164
0	993	0	58	0	941	0	58
0	6704	0	41215	0	130983	0	963689
0	338	0	1848	0	869	0	89
0	161	0	129	0	203	0	2329
0	215	0	1561	0	993	0	89
0	2999	0	47	0	667	0	685
0	187	99	1977	112	217	0	55
0	907	0	5143	0	368	0	393
0	4384	0	98	0	852	0	1743
0	1099	283	6957	1305	4738	62	5543
970	0	0	86	0	1532	0	673
0	38866	0	10258	0	4495	13	8272
0	310	0	49	0	364	0	846
213	512	0	1096	0	67	0	227
0	0	0	86	0	540	0	1312
0	0	0	0	328	262	364	4271
0	569534	1687	163485	488	594570	592	98189
0	1827	0	1466	0	139	0	1279
0	5324	0	8082	0	4157	0	639
131	1513	134	338	79	597	67	2872
264	137	985	261	415	261	40	485
0	0	0	383	0	31	0	70
0	147	0	2189	0	185	0	566
0	138	0	44	0	452	0	295
0	23974	4713	14081	405	18148	2227	21148
0	0	0	1745	0	207	0	1678
0	0	0	38	0	92	0	418
0	40	0	317	0	33	0	182
0	665	1307	1783	328	3091	4678	374
0	0	7710	26160	369	7710	1274	1734
0	512	2380	1933	95	1203	3072	2931
0	0	0	55	0	391	0	403
152	3306	0	2527	0	5678	0	631
0	1183	0	68	0	527	0	408
0	232	0	2888	0	2990	0	443
0	0	0	530	0	168	0	60
0	466	0	190	0	645	0	80
0	38	0	38	0	312	0	104
0	1602	0	313	0	39	0	89
2059	4828	1852	1053	1881	1443	250	2249
0	73	0	407	0	284	0	58
0	55	0	1212	0	1841	0	272
0	295	0	57	0	346	0	311
0	0	0	46	0	283	0	237
565	2613	114	3568	893	3180	276	4106
0	15026	227	14890	980	8205	321	7574
0	0	0	288	0	54	0	54
483	24811	1600	28621	249	29619	445	31909
2682	2113	0	0	275	769	404	2094
0	18	341	207	78	507	122	960
0	83	0	68	0	240	0	38
0	0	0	348	0	76	0	420
0	0	0	958	0	1235	0	221
192	70	476	145	621	78	113	570
76	8191	998	28822	547	2169	248	3191
74	496	0	88	0	116	0	472
0	972	137	508	0	0	67	0
3545	3002	1996	703	834	4543	2453	1265
0	0	0	341	0	389	0	81
0	38	0	75	0	333	0	340
0	37	0	1564	0	785	0	4338
0	121	0	173	0	40	0	183
581	4452	2270	3471	5160	2925	800	5634
0	52910	884	25519	4255	30298	1245	47359
0	105	1756	393	666	163	97	418
0	29237	1057	34948	185	30540	763	35295
0	95	0	43	0	147	0	215
0	8187	0	5803	0	2262	0	1120
0	0	0	427	0	1361	0	276
663	11474	1696	14242	268	12535	1356	22586
0	475	49	304	49	111	120	46
0	546	0	786	0	494	0	162
0	3041	0	1319	0	621	0	3093
0	1213	0	741	0	222	0	1003
0	105672	0	23993	0	6867	0	29741
0	1290	0	1359	0	1281	0	337
0	457	0	37	0	146	0	37
0	58	0	145	0	269	0	58
0	853	0	462	0	1711	0	451
0	49	0	268	0	60	0	94
0	91	0	81	0	47	0	214
2707	3629	1386	7647	261	6245	1167	7211
0	9623	0	1407	0	6117	0	2372
0	790	0	100	0	30	0	118
0	508	0	419	0	411	0	118
0	0	0	362	0	1398	0	1115
0	54	0	189	0	54	0	54
0	867	0	559	0	136	0	340
0	5607	0	316	0	1298	0	765
0	678	0	167	0	77	0	40
0	0	0	889	0	1824	0	447
1033	271	0	4144	0	2462	0	9780
0	263	0	126	0	44	0	162
0	0	0	88	0	278	0	298
0	693	49	8999	96	6339	17	4352
116	20618	2036	0	3855	942	861	2191
238	150	361	34	96	42	664	1952
0	271	220	671	209	93	181	752
0	100864	0	160	0	196	0	562
0	84	0	61	0	235	0	114
0	36	0	122	0	39	0	130
0	0	0	36	0	36	0	115
0	84	0	322	0	495	0	135
0	664	0	337	0	104	0	112
0	697	0	3230	0	883	0	1624
74	3866	318	1332	305	552	159	1464
0	157	0	160	0	382	0	108
0	263	0	153	0	51	0	159
0	37	0	37	0	129	0	86
43	140	3183	179	79	209	150	209
3890	41	0	6068	0	9946	0	2883
0	367	0	186	0	456	0	137
0	0	0	275	0	114	0	82
0	37	0	76	0	37	0	130
0	5556	4773	713	1034	3022	1961	1989
0	718	0	1382	0	3079	0	4544
0	312	0	63	0	169	0	55
0	382	0	243	0	138	0	72
0	210	0	130	0	247	0	434
0	987	0	193	0	256	0	81
359	5438	0	4326	0	9795	0	13754
0	34	0	96	0	34	0	34
0	1150	721	2053	1125	332	285	654
0	71	0	321	0	117	0	117
0	18961	0	6855	0	4084	0	12946
0	45	0	94	0	98	0	261
0	3692	0	2763	0	1641	0	5163
0	169	0	166	0	166	0	61
0	0	0	282	0	90	0	141
0	244659	0	72916	0	30424	0	85946
0	0	0	56	0	123	0	41
0	132	0	88	0	262	0	188
0	693	0	181	0	59	0	104
0	303	0	172	0	305	0	522
0	232	0	302	0	294	0	115
0	53	0	97	0	291	0	173
0	2134	0	502	0	764	0	1484
0	121	0	168	0	75	0	213
0	518	0	521	0	550	0	209
0	2774	3086	5544	3495	4595	1327	7162
0	495063	0	106326	0	36730	0	71524
0	525	0	170	0	170	0	425
0	0	0	50	0	50	0	126
0	0	0	183	0	81	0	212
0	102	0	33	0	77	0	86
0	791	0	1126	0	805	0	412
0	0	0	212	0	212	0	87
0	0	0	4687	0	1886	0	1995
0	496	0	1242	0	1287	0	525
408	237	59	138	212	46	59	79
0	2046	0	2087	0	1789	0	817
0	1590	0	464	0	181	0	389
0	152	0	225	0	83	0	152
0	3127	0	277	0	584	0	715
2282	3825	0	7489	0	3412	0	8561
0	0	0	0	38	53	258	0
0	23417	1254	10673	927	9075	3747	12541
0	1426	0	629	0	722	0	1564
0	0	0	75	0	73	0	174
0	560	0	784	0	296	0	484
693	960	0	590	0	268	0	648
0	7399	0	2820	0	2475	0	1152
0	1051	0	2530	0	981	0	1336
0	0	0	278	0	120	0	120
0	891	0	532	0	1155	0	1283
0	1955	0	1055	0	413	0	787
0	406	0	239	0	145	0	378
39	8688	0	2624	0	2302	0	5534
0	1347	0	150	0	148	0	338
0	62	0	112	0	49	0	49
0	33	0	252	0	152	0	390
63	8622	88	12489	148	8781	180	11988
0	0	0	37	0	34	0	80
0	0	0	122	0	48	0	71
0	2637	0	565	0	242	0	271
0	699	0	2547	0	1037	0	1896
0	0	0	69	0	60	0	142
0	0	0	785	0	899	0	386
0	74	0	233	0	290	0	556
0	205	0	578	0	1380	0	1092
0	3292	0	7215	0	3573	0	8250
0	6596	126	5854	263	5131	128	5046
0	149	0	166	0	74	0	80
0	548	0	304	0	642	0	296
0	1664	574	735	570	1194	2413	735
0	197	0	205	0	162	0	377
480	0	0	58	0	137	0	79
0	27789	0	3689	0	7761	0	7792
0	34	0	60	0	34	0	80
0	2409	0	478	0	215	0	247
0	258	0	68	0	143	0	143
0	1417	0	760	0	410	0	337
0	39	0	39	0	39	0	82
0	171	0	653	0	619	0	307
0	63700	0	124820	0	56605	0	65919
0	65	0	147	0	98	0	63
78	202	1036	196	1598	120	1271	1654
0	2545	0	1099	0	1484	0	2485
0	0	0	676	0	404	0	300
0	847	0	1134	0	1012	0	2152
0	0	0	46	0	46	0	94
0	326	0	209	0	99	0	192
0	338	0	295	0	384	0	173
0	12648	1275	1933	1587	3058	1546	6747
164	132	94	48	105	130	0	0
0	17521	2809	8805	1332	10579	1476	9213
0	5086	0	1773	0	3021	0	3834
0	774	0	296	0	304	0	591
0	80	0	158	0	158	0	80
0	77	1539	3674	1849	1153	1405	1266
0	310	0	1013	0	490	0	887
0	311	0	39	0	76	0	78
0	3953	0	7587	0	3543	0	4756
0	184	0	157	0	129	0	271
1435	1394	0	222	0	321	0	475
0	1273	0	885	0	1411	0	1851
0	796	0	577	0	516	0	288
1074	5461	223	5858	108	4753	109	6059
0	65	0	60	0	107	0	53
0	4710	0	3882	0	4393	0	7769
0	253	0	793	0	948	0	466
54	384	2805	553	1266	1699	1142	1329
0	129	0	411	0	203	0	346
0	742	0	561	0	1098	0	611
0	650	0	1116	0	1821	0	893
636	56223	0	17798	0	15861	0	31322
0	66	0	40	0	76	0	40
0	254	457	492	5053	169	2243	703
0	5713	0	2708	0	2099	0	4219
0	385	0	319	0	297	0	168
0	266	0	56	0	103	0	103
0	0	0	107	0	196	0	196
0	0	0	76	0	76	0	139
0	115	0	69	0	134	0	115
160	199	118	2172	172	1872	242	2176
0	113	0	50	0	71	0	100
195	3831	918	1972	237	1238	480	1510
0	666	0	685	0	519	0	1024
0	387	0	113	0	64	0	119
0	0	0	294	0	152	0	188
0	26711	0	23137	0	16566	0	11837
0	1881	0	2246	0	1601	0	3115
0	336	0	0	0	0	410	320
0	226	0	455	0	872	0	560
0	0	0	56	0	100	0	56
0	0	0	466	0	381	0	727
0	2247	0	1243	0	1882	0	2366
0	77	0	136	0	136	0	77
670	2189	0	2863	0	4461	0	5384
0	232	0	266	0	152	0	268
0	0	0	63	0	63	0	111
0	31	0	138	0	113	0	213
0	3613	445	1588	587	858	824	1583
0	76	0	141	0	90	0	76
0	3142	574	4125	1154	3907	658	3614
0	389	0	580	0	1039	0	631
0	0	0	0	0	0	2629	1902
0	158	0	148	0	262	0	160
0	59	0	59	0	101	0	59
0	291	0	1550	0	922	0	915
0	307	0	970	0	1481	0	1738
0	9332	0	7740	0	7952	0	13198
1077	1611	62	43	723	0	0	0
0	344	0	167	0	167	0	99
384	1092	109	565	198	660	165	1123
0	391	0	1103	0	1149	0	681
0	3470	0	2869	0	2444	0	4293
0	793	0	443	0	722	0	743
0	3501	0	4314	0	4197	0	2584
1460	15639	2153	16267	1165	11330	1217	17198
0	182	0	184	0	324	0	228
0	5466	0	4256	0	2469	0	2814
0	1471	0	964	0	1199	0	1690
0	13770	0	2012	0	1307	0	1185
0	348	482	1307	361	1989	361	1449
0	90688	0	25901	0	16168	0	26546
0	868	0	777	0	1207	0	1295
0	433	0	163	0	163	0	101
0	320	0	134	0	83	0	83
0	0	0	59	0	46	0	80
0	0	0	76	0	122	0	76
0	1002	0	908	0	1482	0	951
0	2499	0	4943	0	2886	0	3666
0	189363	0	19084	0	30874	0	29960
0	1686	0	2382	0	1427	0	2116
0	2334	0	4126	0	3964	0	2545
0	913	338	323	2538	384	414	258
0	3512	0	4799	0	3974	0	6727
115	2426	829	3117	658	4342	635	4114
0	486	0	567	0	676	0	401
0	4009	0	3906	0	2305	0	2916
0	151	0	76	0	48	0	48
404	20138	0	6020	0	9401	0	9517
0	1625	0	1761	0	1736	0	1116
0	899	0	859	0	648	0	512
0	2426	0	3669	0	2966	0	4962
102	1900	0	750	0	811	0	501
0	1470	0	1343	0	1943	0	2205
0	209	0	103	0	161	0	103
0	4643	0	3424	0	5649	0	4813
0	0	0	10376	0	6270	0	7492
0	1025	0	495	0	357	0	590
473	1080	4248	2577	2613	2182	2361	3834
0	459	0	860	0	765	0	529
0	1905	0	1092	0	709	0	1099
0	1094	0	726	0	1176	0	822
272	589	1181	178	936	827	2883	1378
0	1167	0	2297	0	3630	0	3353
0	162	0	1504	0	2102	0	2420
0	182	0	253	0	254	0	387
2034	45746	2230	4191	1440	5239	2086	5124
0	1025	0	1278	0	1434	0	905
0	1904	0	2693	0	2019	0	3244
104	159	0	258	0	370	0	405
0	104	0	298	0	443	0	294
0	193	0	139	0	89	0	126
0	45	0	135	0	135	0	90
0	75	0	111	0	74	0	74
0	0	0	203	0	302	0	203
0	1096	0	1275	0	1977	0	1431
549	323	3870	959	226	209	510	203
0	54	0	67	0	67	0	99
0	2663	0	1336	0	1910	0	1270
0	0	0	2749	0	1804	0	1978
0	1151	0	968	0	679	0	651
0	41	0	391	0	264	0	273
0	3191	0	1129	0	1637	0	1121
0	603	0	882	0	882	0	606
0	59	0	327	0	238	0	216
0	1209	0	5751	0	7910	0	8637
192	3300	0	3427	0	3315	0	4872
0	1091	0	1116	0	1294	0	850
0	80	0	116	0	80	0	116
276	702	1828	40	0	0	2002	911
0	170	0	176	0	122	0	122
0	1023	0	2688	0	1845	0	2575
0	3652	0	219	0	313	0	219
2688	61165	0	22107	0	15062	0	20616
4129	14641	0	4340	0	6011	0	6290
0	5467	0	2196	0	3278	0	2735
0	57	0	132	0	114	0	169
0	143	0	114	0	165	0	121
0	997	0	1274	0	868	0	1006
0	651	0	648	0	482	0	686
0	262	0	224	0	269	0	327
0	258	0	225	0	170	0	157
0	1682	1228	687	6498	1281	1823	1300
0	525	0	1009	0	1462	0	1227
0	4659	0	4445	0	4622	0	6205
0	1217	0	1290	0	1835	0	1667
0	0	0	886	0	621	0	712
0	0	597	217	0	0	0	0
0	1727	0	348	0	340	0	254
0	1649	0	1646	0	2209	0	1629
0	3644	0	3222	0	4091	0	2945
0	493	0	138	0	104	0	141
110	19448	0	5767	0	4546	0	4191
428	19566	473	19742	410	22600	550	22352
0	1292	0	621	0	511	0	447
0	314	0	216	0	159	0	166
0	128	0	67	0	75	0	93
0	418	0	284	0	359	0	390
0	18072	0	39028	0	36484	0	28681
0	408	0	1051	0	795	0	797
0	593	0	451	0	428	0	335
0	810	0	1327	0	969	0	1145
0	194	0	272	0	202	0	255
0	30	0	208	0	198	0	265
12	187	0	103	0	135	0	103
328	5917	0	80	0	61	0	61
577	1239	2040	3110	2136	1889	2232	3052
0	249	0	287	0	240	0	213
0	3697	0	1764	0	1414	0	1333
0	470	0	1128	0	1193	0	1491
139	4799	0	4547	0	3458	0	4357
0	13580	0	13448	0	10876	0	14425
0	44	0	44	0	44	0	57
0	427	0	419	0	491	0	561
839	3869	0	1547	0	1618	0	2030
0	5135	0	6018	0	5990	0	7724
0	2246	0	3680	0	2918	0	2831
0	381	0	428	0	383	0	324
57	3491	0	4232	0	3653	0	4827
0	118047	0	15879	0	12054	0	14066
0	202	0	390	0	344	0	296
0	18597	0	16727	0	19193	0	14608
0	811	0	632	0	560	0	735
0	860	170	45	387	0	0	0
0	1056	0	535	0	583	0	697
0	1173	0	582	0	538	0	449
0	179	0	210	0	270	0	221
0	1675	0	591	0	576	0	465
0	1095	0	969	0	1206	0	956
103	3704	0	5795	0	7497	0	6812
0	0	0	36	0	46	0	38
747	44742	188	50219	206	49827	226	47076
0	107	0	61	0	49	0	61
0	0	832	129	600	168	0	0
123	10413	0	12936	0	10244	0	12363
3077	13167	0	3071	0	3922	0	3445
0	18168	0	16988	0	20852	0	16824
0	1159	0	211	0	229	0	268
0	1376	0	1460	0	1425	0	1171
0	5555	0	1614	0	1602	0	1960
0	5905	0	2484	0	3084	0	2636
0	1061	275	58	871	0	1198	0
0	3257	0	2821	0	3287	0	3488
244	25783	0	1859	0	1729	0	1500
0	690	0	776	0	657	0	636
0	672	0	679	0	580	0	710
0	10971	0	4189	0	4161	0	4998
0	12828	0	10520	0	10894	0	8967
0	271	0	358	0	298	0	301
0	1099	0	1491	0	1222	0	1374
0	64	0	506	0	608	0	594
0	304	0	187	0	222	0	187
0	0	0	669	0	743	0	610
0	2959	0	2436	0	2009	0	2144
0	92	0	168	0	193	0	203
0	658	0	57	0	57	0	48
0	557	0	755	0	646	0	636
0	968	0	1493	0	1410	0	1245
0	5885	0	5396	0	4624	0	5456
0	440	0	324	0	365	0	385
0	64	0	45	0	42	0	50
0	473	0	1148	0	1323	0	1335
566	1048	1739	186	2474	157	1309	323
0	757	0	824	0	892	0	972
1755	1829	2652	132	757	150	2059	66
0	7582	0	4979	0	5457	0	4654
0	12679	0	14860	0	13029	0	12964
0	0	0	474	0	542	0	542
0	6442	0	3970	0	3495	0	3461
0	11437	0	4901	0	5376	0	5698
3889	26964	0	28292	0	28944	0	32559
0	264	0	252	0	250	0	286
4638	2997	0	3861	0	3858	0	3390
0	57	0	50	0	50	0	57
0	1672	0	1846	0	1914	0	2128
0	827	170	0	3661	165	1095	168
0	1121	0	1190	0	1227	0	1366
0	824	0	910	0	826	0	791
0	28384	0	25712	0	22849	0	25881
0	1623	0	1559	0	1358	0	1487
0	7467	0	4912	0	5479	0	5579
0	0	0	67	0	59	0	66
184	4204	784	272	1682	547	1566	308
0	17134	1223	7352	810	5421	1721	10008
0	2393	0	1983	0	2207	0	2211
0	2227	0	1405	0	1521	0	1350
0	84	0	101	0	91	0	91
0	96	0	102	0	102	0	92
1409	369	1947	1309	2537	2053	2337	2049
0	8786	0	10507	0	11127	0	9898
0	532	0	257	0	284	0	257
0	2376	0	3020	0	2918	0	2705
11	99	0	1480	0	1643	0	1565
0	1142	0	1116	0	1025	0	1127
0	1660	0	1782	0	1644	0	1625
0	348	0	1120	0	1227	0	1203
0	1892	0	12209	0	13177	0	13313
0	2170	0	1387	0	1494	0	1506
0	2168	0	1941	0	1781	0	1819
0	0	0	205	0	190	0	203
0	983	0	1434	0	1331	0	1350
0	2673	0	3690	0	3423	0	3623
0	13904	0	10652	0	11473	0	11206
0	17119	0	19240	0	18267	0	17935
0	5073	0	11625	0	11424	0	12234
0	327	0	328	0	309	0	328
44	1874	0	2889	0	2825	0	2703
0	25849	0	27850	0	26761	0	26041
0	0	0	1221	0	1294	0	1221
0	0	3466	204	3366	0	169	0
180	102330	0	94548	0	100209	0	95858
0	4867	0	4912	0	5053	0	5214
0	479	0	503	0	503	0	479
0	827	0	651	0	645	0	679
0	275	0	551	0	576	0	566
249	5425	0	2615	0	2517	0	2520
0	2624	0	1584	0	1588	0	1645
760	0	937	33	1131	86	752	32
0	5804	0	4082	0	3942	0	3978
0	51	0	67	0	69	0	67
0	118	1509	48	810	48	2732	100
0	53	0	66	0	67	0	67
0	0	0	64	0	64	0	64
0	136	0	136	0	136	0	136
0	54	0	54	0	54	0	54
0	0	0	40	0	40	0	40
0	138	0	42	0	42	0	42
0	0	0	93	0	93	0	93
0	0	0	46	0	46	0	46
0	0	0	0	0	0	0	0
0	45	0	0	0	0	0	0
0	252	0	68	0	68	0	68
0	928	0	0	0	0	0	0
0	276	0	0	0	0	0	0
0	0	0	0	0	0	0	0
0	68	0	0	0	0	4258	0
0	35	0	35	0	35	0	35
0	35	0	0	0	0	0	0
0	39	0	0	0	0	0	0
0	49	0	50	0	50	0	50
0	772	0	62	0	62	0	62
0	106	0	0	0	0	0	0
0	951	0	0	0	0	166	0
0	838	0	0	0	0	0	0
0	69	0	0	0	0	0	0
0	116	0	0	0	0	0	0
0	55	0	55	0	55	0	55
0	62	0	0	0	0	0	0
0	64	0	0	0	0	0	0
0	50	0	50	0	50	0	50
0	50	0	0	0	0	0	0
0	35	0	0	0	0	0	0
0	100	0	0	0	0	0	0
0	51	0	0	0	0	0	0
0	0	0	0	0	0	0	0
0	0	0	0	0	0	0	0
0	0	0	0	0	0	0	0
0	0	0	0	0	0	0	0
0	0	0	0	0	0	0	0
0	0	0	0	0	0	0	0
0	0	0	0	0	0	0	0
0	0	0	0	0	0	0	0
0	0	0	0	0	0	0	0
0	0	0	0	0	0	0	0
0	0	0	0	0	0	0	0
0	0	0	0	0	0	0	0
0	0	0	0	0	0	0	0
0	0	0	0	0	0	0	0
0	0	0	0	0	0	0	0
0	0	0	0	0	0	0	0
0	0	0	0	0	0	0	0
0	0	0	0	0	0	0	0
0	0	0	0	0	0	0	0
0	0	0	0	0	0	0	0
0	0	0	0	0	0	0	0
0	0	0	0	0	0	0	0
0	0	0	0	0	0	0	0
0	0	0	0	0	0	0	0
0	0	0	0	0	0	0	0
0	0	0	0	0	0	0	0
0	0	0	0	0	0	0	0
0	0	0	0	0	0	0	0
0	0	0	0	0	0	0	0
0	0	0	0	0	0	0	0
0	0	0	0	0	0	0	0
0	84	0	0	0	0	0	0
0	0	0	0	0	0	0	0
0	63	0	0	0	0	0	0
0	860	0	0	0	0	0	0
0	0	0	0	0	0	86	0
0	0	0	36	0	36	0	36
0	98	0	0	0	0	0	0
0	47	0	47	0	47	0	47
0	62	0	62	0	62	0	62
0	861	0	65	0	65	0	65
0	109	0	265	0	265	0	265
0	44	0	0	98	0	0	0
0	132	0	33	0	33	0	33
4595	1939	0	0	0	0	0	0
0	92	0	92	0	92	0	92
0	140	0	0	0	0	0	0
0	0	0	0	0	0	114	0
0	278	0	0	0	0	0	0
0	0	80	0	0	0	0	0
0	67	0	67	0	67	0	67
0	0	0	0	0	0	0	0
33	0	0	0	0	0	55	0
0	164	0	0	0	0	0	0
0	63	0	0	0	0	0	0
0	38	0	0	0	0	0	0
0	112	0	0	0	0	0	0
0	0	395	0	0	0	429	0
0	130	0	65	0	65	0	65
0	34	0	0	0	0	0	0
0	0	0	0	0	0	60	0
0	67	0	0	0	0	0	0
0	0	0	0	0	0	0	0
0	0	0	0	0	0	0	0
0	61	0	0	0	0	0	0
0	0	0	0	0	0	0	0
0	41	0	73	0	73	0	73
0	0	0	0	0	0	0	0
0	0	0	0	0	0	0	0
0	0	0	0	0	0	0	0
0	0	0	0	0	0	0	0
0	0	0	0	0	0	0	0
0	0	0	0	0	0	0	0
0	111	0	0	0	0	0	0
0	0	0	0	0	0	0	0
0	0	0	0	0	0	0	0
0	69	0	0	0	0	0	0
0	0	0	0	0	0	0	0
0	0	0	0	0	0	0	0
0	0	0	0	0	0	0	0
0	0	0	0	0	0	0	0
0	0	0	0	0	0	91	0
0	0	0	0	0	0	0	0
0	564	0	0	0	0	0	0
0	0	0	112	0	112	0	112
0	0	0	0	0	0	0	0
0	0	0	0	0	0	0	0
0	0	0	56	0	56	0	56
0	0	0	0	0	0	0	0
0	0	0	0	0	0	0	0
0	56	0	0	0	0	0	0
0	39	0	0	0	0	0	0
0	164	0	0	0	0	0	0
0	0	0	0	0	0	0	0
0	50	0	0	0	0	0	0
0	0	0	0	635	0	0	0
0	1039	565	0	0	0	0	0
0	36	0	0	0	0	0	0
0	0	52	0	0	0	0	0
0	0	0	0	0	0	0	0
0	51638	0	0	0	0	0	0
0	45	0	45	0	45	0	45
0	59	0	0	0	0	0	0
0	39	0	0	0	0	0	0
0	54	0	0	0	0	0	0
0	0	0	0	0	0	0	0
0	0	0	0	0	0	0	0
0	0	0	0	0	0	0	0
0	498	0	92	0	92	0	92
0	0	0	0	0	0	0	0
0	0	0	0	0	0	0	0
0	0	0	0	0	0	0	0
0	0	0	0	0	0	0	0
0	0	0	0	0	0	0	0
0	44	0	0	0	0	0	0
0	0	0	0	0	0	0	0
0	0	0	36	0	36	0	36
0	0	0	0	0	0	0	0
0	0	0	0	0	0	0	0
0	0	0	0	0	0	0	0
0	0	0	0	0	0	0	0
0	0	0	0	0	0	0	0
0	0	0	0	0	0	0	0
0	0	0	0	0	0	0	0
0	0	0	0	0	0	0	0
0	0	0	0	0	0	0	0
0	0	0	0	0	0	0	0
0	0	0	0	0	0	0	0
0	0	0	0	0	0	0	0
0	312	0	0	0	0	0	0
0	0	0	0	0	0	0	0
0	0	0	0	0	0	0	0
0	0	0	0	0	0	0	0
0	0	0	0	0	0	0	0
0	50	0	0	0	0	0	0
0	0	0	0	0	0	0	0
0	0	0	0	0	0	0	0
0	0	0	0	0	0	0	0
0	0	0	0	0	0	0	0
0	0	0	0	0	0	0	0
0	0	0	0	0	0	0	0
0	0	0	0	0	0	0	0
0	0	0	0	0	0	0	0
0	0	0	0	0	0	0	0
0	0	0	0	0	0	0	0
0	0	0	0	0	0	0	0
0	0	0	0	0	0	0	0
0	0	0	0	0	0	0	0
0	0	0	0	0	0	0	0
0	0	0	0	0	0	0	0
0	0	0	0	0	0	0	0
0	0	0	0	0	0	0	0
0	0	0	0	0	0	0	0
0	0	0	0	0	0	0	0
0	0	0	0	0	0	0	0
0	0	0	0	0	0	0	0
0	0	0	0	0	0	0	0
0	0	0	0	0	0	0	0
0	0	0	0	0	0	0	0
0	0	0	0	0	0	0	0
0	0	0	0	0	0	0	0
0	69	0	0	0	0	0	0
0	0	0	0	0	0	0	0
0	0	0	0	0	0	0	0
0	0	0	0	0	0	0	0
0	0	0	0	0	0	0	0
0	0	0	0	0	0	0	0
0	0	0	0	0	0	0	0
0	0	0	0	0	0	0	0
0	0	0	0	0	0	0	0
0	0	0	0	0	0	0	0
0	0	0	0	0	0	0	0
0	79	0	0	0	0	0	0
0	0	0	0	0	0	0	0
0	0	0	0	0	0	0	0
0	0	0	0	0	0	0	0
0	0	0	0	0	0	0	0
0	0	0	0	0	0	0	0
0	0	0	0	0	0	0	0
0	0	0	0	0	0	0	0
0	15	0	0	0	0	0	0
0	0	0	0	0	0	0	0
0	0	0	0	0	0	0	0
0	0	0	0	0	0	0	0
0	0	0	0	0	0	0	0
0	0	0	0	0	0	0	0
0	0	0	0	0	0	0	0
0	0	0	0	0	0	0	0
0	0	0	0	0	0	0	0
0	0	0	0	0	0	0	0
0	0	0	0	0	0	0	0
0	0	0	0	0	0	0	0
0	73	0	0	0	0	0	0
0	0	388	0	0	0	0	0
0	0	0	0	0	0	0	0
0	0	0	0	0	0	0	0
0	0	0	0	0	0	0	0
0	0	0	0	0	0	0	0
0	0	0	0	0	0	0	0
0	0	0	0	0	0	0	0
0	0	0	0	0	0	0	0
0	0	0	0	0	0	0	0
0	0	0	0	0	0	0	0
0	0	0	0	0	0	0	0
0	0	0	0	0	0	0	0
0	0	0	0	0	0	0	0
0	0	0	0	0	0	0	0
0	0	0	0	0	0	0	0
0	0	0	68	0	68	0	68
0	0	0	0	0	0	0	0
0	0	0	0	0	0	0	0
0	0	0	0	0	0	0	0
0	0	0	0	0	0	0	0
0	0	0	0	0	0	0	0
0	0	0	0	0	0	0	0
0	0	0	0	0	0	0	0
0	0	0	0	0	0	0	0
0	0	0	0	0	0	0	0
0	0	0	0	0	0	0	0
0	107	0	0	0	0	0	0
0	0	0	0	0	0	0	0
0	0	0	0	0	0	0	0
0	0	0	0	0	0	0	0
0	0	0	0	0	0	0	0
0	61	0	0	0	0	0	0
0	0	0	0	0	0	0	0
0	0	0	0	0	0	0	0
0	118	0	0	0	0	0	0
0	0	0	0	0	0	0	0
0	83	0	0	0	0	0	0
0	0	0	0	0	0	0	0
0	0	0	0	0	0	0	0
0	58	0	0	0	0	0	0
0	0	0	37	0	37	0	37
0	0	0	0	0	0	0	0
0	0	0	0	0	0	0	0
0	930	0	930	0	930	0	930
0	5394	0	0	0	0	0	0
0	0	0	0	0	0	0	0
0	0	0	0	0	0	0	0
0	0	0	0	0	0	0	0
0	48	0	0	0	0	0	0
0	104	0	0	0	0	0	0
0	46	0	0	0	0	0	0
0	63	0	63	0	63	0	63
0	187	0	0	116	0	0	0
0	108	0	108	0	108	0	108
0	47	0	0	0	0	0	0
0	221	0	0	0	0	0	0
0	49	0	49	0	49	0	49
0	0	0	0	0	0	0	0
0	0	0	0	0	0	0	0
0	0	0	53	0	53	0	53
0	0	0	0	0	0	0	0
1228	8581	0	0	0	0	0	0
0	0	0	0	0	0	0	0
0	80	0	0	0	0	0	0
0	0	0	0	0	0	0	0
0	0	0	0	0	0	0	0
0	282	0	0	0	0	0	0
0	0	0	0	0	0	0	0
0	0	0	0	0	0	0	0
0	0	0	0	0	0	0	0
0	67	0	0	0	0	0	0
0	0	0	0	0	0	0	0
0	0	0	0	0	0	0	0
0	0	0	0	0	0	0	0
0	64	0	0	0	0	0	0
0	0	0	0	0	0	0	0
0	0	0	0	0	0	0	0
0	0	0	0	0	0	0	0
0	0	0	0	0	0	0	0
0	0	0	0	0	0	0	0